******* TASK: RDFRules: clustering, minSim = 0.1 *******
clusters: 3.0
score: 0.20387512221262127, dunnIndex: 1.0788543036825882, matrix:
0.14510583940810937, 0.0, 0.0
0.0, 0.3934287461915505, 0.0
0.0, 0.0, 0.07309078103820402
memory: 145.4902 MB
rules: 5000.0
time: 2.365 min
******* TASK: RDFRules: clustering, minSim = 0.2 *******
clusters: 3.0
score: 0.20387512221262127, dunnIndex: 1.0788543036825882, matrix:
0.14510583940810937, 0.0, 0.0
0.0, 0.3934287461915505, 0.0
0.0, 0.0, 0.07309078103820402
memory: 84.3304 MB
rules: 5000.0
time: 2.435 min
******* TASK: RDFRules: clustering, minSim = 0.3 *******
clusters: 3.0
score: 0.20387512221262127, dunnIndex: 1.0788543036825882, matrix:
0.14510583940810937, 0.0, 0.0
0.0, 0.3934287461915505, 0.0
0.0, 0.0, 0.07309078103820402
memory: 82.522 MB
rules: 5000.0
time: 2.364 min
******* TASK: RDFRules: clustering, minSim = 0.4 *******
clusters: 5.0
score: 0.4100525621416506, dunnIndex: 1.063628174804657, matrix:
1.0, 0.0, 0.014634146341463415, 0.0, 9.808729769494851E-5
0.0, 0.14510583940810937, 0.0, 0.0, 0.0
0.014634146341463415, 0.0, 0.4457263378653694, 0.0, 4.250449566781102E-4
0.0, 0.0, 0.0, 0.3934287461915505, 0.0
9.808729769494851E-5, 0.0, 4.250449566781102E-4, 0.0, 0.07358052654114192
memory: 92.4991 MB
rules: 5000.0
time: 2.360 min
******* TASK: RDFRules: clustering, minSim = 0.5 *******
clusters: 7.0
score: 0.36471906571896356, dunnIndex: 1.089324090300257, matrix:
1.0, 0.0, 0.0, 2.6727248429774154E-4, 0.0, 0.0, 0.014634146341463415
0.0, 0.3934287461915505, 0.0, 0.0, 0.0, 0.0, 0.0
0.0, 0.0, 0.21094857613679596, 0.008924901649932477, 0.0, 0.0, 0.0
2.6727248429774154E-4, 0.0, 0.008924901649932477, 0.09543370753240737, 0.0, 4.454541404962359E-5, 0.0011581807652902133
0.0, 0.0, 0.0, 0.0, 0.14510583940810937, 0.0, 0.0
0.0, 0.0, 0.0, 4.454541404962359E-5, 0.0, 0.2707332684501903, 0.0
0.014634146341463415, 0.0, 0.0, 0.0011581807652902133, 0.0, 0.0, 0.4457263378653694
memory: 140.7634 MB
rules: 5000.0
time: 2.331 min
******* TASK: RDFRules: clustering, minSim = 0.6 *******
clusters: 17.0
score: 0.7192724847157815, dunnIndex: 0.8913533404160675, matrix:
1.0, 0.0, 0.0, 0.0, 0.19772097320603635, 0.06857502359232463, 0.0, 0.0, 0.0, 0.0, 0.0, 0.0, 0.0, 0.0, 0.0, 0.0, 0.0
0.0, 1.0, 0.0, 0.0, 0.0, 0.011467889908256881, 0.0912906610703043, 0.0, 0.0, 0.0, 0.0, 0.0, 0.0, 0.0, 0.015562055074223277, 0.0, 0.0
0.0, 0.0, 0.14510583940810937, 0.0, 0.0, 0.0, 0.0, 0.0, 0.0, 0.0, 0.0, 0.0, 0.0, 0.0, 0.0, 0.0, 0.0
0.0, 0.0, 0.0, 0.4457263378653694, 0.0, 0.0, 0.0, 0.0, 0.03170731707317073, 0.0, 0.0, 0.0, 0.0, 0.0, 0.0, 0.014634146341463415, 0.0
0.19772097320603635, 0.0, 0.0, 0.0, 1.0, 0.0012319063751154912, 0.0, 0.0, 0.0, 0.0, 0.0, 0.0, 0.0, 0.046812442254388666, 0.0, 0.0, 0.0
0.06857502359232463, 0.011467889908256881, 0.0, 0.0, 0.0012319063751154912, 1.0, 0.01416579223504722, 0.0, 0.0, 0.0, 0.0, 0.0, 0.0, 0.0, 0.0, 0.0, 0.0
0.0, 0.0912906610703043, 0.0, 0.0, 0.0, 0.01416579223504722, 1.0, 0.0, 0.0, 0.0, 0.0, 0.0, 0.0, 0.0, 0.025329727939959162, 0.0, 0.0
0.0, 0.0, 0.0, 0.0, 0.0, 0.0, 0.0, 1.0, 0.0, 0.0, 0.0, 0.0, 2.3415091026166365E-4, 0.0, 0.0, 0.0, 0.0
0.0, 0.0, 0.0, 0.03170731707317073, 0.0, 0.0, 0.0, 0.0, 1.0, 0.0, 0.0, 0.0, 0.004741555932798689, 0.0, 0.0, 0.019083969465648856, 0.0
0.0, 0.0, 0.0, 0.0, 0.0, 0.0, 0.0, 0.0, 0.0, 0.2707332684501903, 0.0, 0.0, 0.0, 1.9227071716977504E-4, 0.0, 0.0, 0.0
0.0, 0.0, 0.0, 0.0, 0.0, 0.0, 0.0, 0.0, 0.0, 0.0, 1.0, 0.0, 0.003980565474448282, 0.0, 0.0, 0.0, 0.0
0.0, 0.0, 0.0, 0.0, 0.0, 0.0, 0.0, 0.0, 0.0, 0.0, 0.0, 1.0, 0.0, 0.0, 1.1036918492356934E-4, 0.0, 0.0
0.0, 0.0, 0.0, 0.0, 0.0, 0.0, 0.0, 2.3415091026166365E-4, 0.004741555932798689, 0.0, 0.003980565474448282, 0.0, 0.09993154182888407, 0.02306386466077387, 0.0, 5.853772756541591E-5, 0.0
0.0, 0.0, 0.0, 0.0, 0.046812442254388666, 0.0, 0.0, 0.0, 0.0, 1.9227071716977504E-4, 0.0, 0.0, 0.02306386466077387, 0.3637778809995778, 0.0, 0.0, 0.0
0.0, 0.015562055074223277, 0.0, 0.0, 0.0, 0.0, 0.025329727939959162, 0.0, 0.0, 0.0, 0.0, 1.1036918492356934E-4, 0.0, 0.0, 0.5801740278175886, 0.0, 0.0
0.0, 0.0, 0.0, 0.014634146341463415, 0.0, 0.0, 0.0, 0.0, 0.019083969465648856, 0.0, 0.0, 0.0, 5.853772756541591E-5, 0.0, 0.0, 1.0, 0.0
0.0, 0.0, 0.0, 0.0, 0.0, 0.0, 0.0, 0.0, 0.0, 0.0, 0.0, 0.0, 0.0, 0.0, 0.0, 0.0, 0.3934287461915505
memory: 157.5102 MB
rules: 5000.0
time: 2.338 min
******* TASK: RDFRules: clustering, minSim = 0.7 *******
clusters: 43.0
score: 0.7936141221276162, dunnIndex: 0.1686599019963567, matrix:
1.0, 0.0, 0.0, 0.0, 0.0, 0.0, 0.0, 0.0, 0.0, 0.0, 0.19772097320603635, 0.0, 0.0, 0.0, 0.0, 0.0, 0.0, 0.0, 0.0, 0.0, 0.0, 0.0, 0.0, 0.0, 0.0, 0.0, 0.0, 0.0, 0.0, 0.0, 0.0, 0.0, 0.0, 0.06857502359232463, 0.0, 0.0, 0.0, 0.0, 0.0, 0.0, 0.0, 0.0, 0.0
0.0, 1.0, 0.0, 0.0, 0.0, 0.014044943820224719, 0.01442672741078208, 0.0, 0.0, 0.0, 0.0, 0.0, 0.0, 0.008167613636363636, 0.0, 0.01639344262295082, 0.019083969465648856, 0.0, 0.0, 0.0, 0.0, 0.016233766233766232, 0.0, 0.0, 0.0, 0.023255813953488372, 0.0, 0.0, 0.0, 0.026717557251908396, 0.003816793893129771, 0.006445215666831929, 0.0, 0.0, 0.0, 0.0, 0.0, 0.0, 0.028223220012828735, 0.04580152671755725, 0.0, 0.0, 0.0
0.0, 0.0, 1.0, 0.0, 0.0, 0.0, 0.0, 0.0, 0.0912906610703043, 0.0, 0.0, 0.0, 0.0, 0.0, 0.0, 0.0, 0.0, 0.0, 0.0, 0.0, 0.0, 0.0, 0.015562055074223277, 0.0, 0.0, 0.0, 0.0, 0.0, 0.0, 0.0, 0.0, 0.0, 0.0, 0.011467889908256881, 0.0, 0.0, 0.0, 0.0, 0.0, 0.0, 0.0, 0.0, 0.0
0.0, 0.0, 0.0, 0.11448632672705143, 0.0, 0.002017872585759585, 0.0, 0.0, 0.0, 0.0011530700490054772, 0.0, 0.010377630441049293, 0.0, 0.0, 0.0, 0.0037474776592678004, 0.0, 0.0, 0.04064571922744307, 0.0, 0.014413375612568464, 0.004612280196021909, 0.0, 0.0, 0.0, 0.0, 0.0, 0.0, 0.0, 0.0, 0.0037474776592678004, 0.002017872585759585, 0.0, 0.0, 0.0, 0.0, 0.0, 0.002017872585759585, 0.049582012107235514, 0.0, 0.0, 0.0, 0.0
0.0, 0.0, 0.0, 0.0, 0.4137207353044478, 0.02422145328719723, 0.014273356401384083, 0.0, 0.0, 0.0, 0.027717893440098552, 0.0, 0.0, 0.01448961937716263, 0.0, 0.005622837370242215, 0.0, 0.0, 0.0, 0.006920415224913495, 0.0, 0.005622837370242215, 0.0, 4.3252595155709344E-4, 2.1626297577854672E-4, 0.0, 0.0, 0.006920415224913495, 0.0, 0.0, 0.0, 0.024437716262975778, 0.013192041522491349, 0.0, 0.0, 0.0, 0.0, 0.0, 0.0, 0.0, 0.054282006920415224, 0.0, 0.0
0.0, 0.014044943820224719, 0.0, 0.002017872585759585, 0.02422145328719723, 1.0, 0.47752808988764045, 0.0, 0.0, 0.0, 0.0, 0.0, 0.0, 0.033380681818181816, 0.0, 0.16432584269662923, 0.0, 0.0, 0.0, 0.0, 0.01544943820224719, 0.16432584269662923, 0.0, 0.0, 0.0, 0.0, 0.0, 0.0, 0.0, 0.0, 0.007022471910112359, 0.07635101636093208, 0.0, 0.0, 0.0, 0.0, 0.0, 0.025280898876404494, 0.01796023091725465, 0.0, 0.0, 0.0, 0.0
0.0, 0.01442672741078208, 0.0, 0.0, 0.014273356401384083, 0.47752808988764045, 1.0, 0.0, 0.0, 0.0, 0.0, 0.0, 0.0, 0.08380681818181818, 0.0, 0.0, 0.0, 0.0, 0.0, 0.0, 0.016704631738800303, 0.0, 0.0, 0.0, 0.0, 0.0, 0.0, 0.0, 0.0, 0.0, 0.004555808656036446, 0.026772434308378782, 0.02014892685063513, 0.0, 0.0, 0.0, 0.0, 0.0, 0.014753046824887749, 0.0, 0.0, 0.02137870855148342, 0.0
0.0, 0.0, 0.0, 0.0, 0.0, 0.0, 0.0, 0.5909090909090908, 0.0, 0.0, 0.0, 0.0, 0.016129032258064516, 0.0, 0.0, 0.0, 0.0, 0.0, 0.0, 0.0, 0.0, 0.0, 0.0, 0.0, 0.09090909090909091, 0.0, 0.0, 0.0, 0.0012290045063498567, 0.0, 0.0, 0.0, 0.0, 0.0, 0.0, 0.17142857142857143, 0.0, 0.0, 0.0, 0.0, 0.0, 0.0, 0.5454545454545454
0.0, 0.0, 0.0912906610703043, 0.0, 0.0, 0.0, 0.0, 0.0, 1.0, 0.0, 0.0, 0.0, 0.0, 0.0, 0.0, 0.0, 0.0, 0.0, 0.0, 0.0, 0.0, 0.0, 0.025329727939959162, 0.0, 0.0, 0.0, 0.0, 0.0, 0.0, 0.0, 0.0, 0.0, 0.0, 0.01416579223504722, 0.0, 0.0, 0.0, 0.0, 0.0, 0.0, 0.0, 0.0, 0.0
0.0, 0.0, 0.0, 0.0011530700490054772, 0.0, 0.0, 0.0, 0.0, 0.0, 1.0, 0.0, 0.0, 0.0, 0.0, 0.0, 0.0, 0.0, 0.0, 0.012539184952978056, 0.0, 0.0, 0.0, 0.0, 0.0, 0.0, 0.0, 0.0, 0.0, 0.0, 0.0, 0.0, 0.0, 0.0, 0.0, 0.0, 0.0, 0.0, 0.0, 0.0, 0.0, 0.0, 0.0, 0.0
0.19772097320603635, 0.0, 0.0, 0.0, 0.027717893440098552, 0.0, 0.0, 0.0, 0.0, 0.0, 1.0, 0.0, 0.0, 0.0, 0.0, 0.0, 0.0, 0.0, 0.0, 0.0, 0.0, 0.0, 0.0, 0.0, 0.0, 0.0, 0.0, 0.0, 0.0, 0.0, 0.0, 0.0, 0.0, 0.0012319063751154912, 0.0, 0.0, 0.0, 0.0, 0.0, 0.0, 0.026947951955651372, 0.0, 0.0
0.0, 0.0, 0.0, 0.010377630441049293, 0.0, 0.0, 0.0, 0.0, 0.0, 0.0, 0.0, 1.0, 0.0, 0.0, 0.0, 0.0, 0.0, 0.0, 0.025078369905956112, 0.0, 0.03088803088803089, 0.03571428571428571, 0.0, 0.0, 0.0, 0.0, 0.0, 0.0, 0.0, 0.0, 0.0, 0.0, 0.003942181340341655, 0.0, 0.0, 0.0, 0.0, 0.0014084507042253522, 0.03848620910840282, 0.0, 0.0, 4.363001745200698E-4, 0.0
0.0, 0.0, 0.0, 0.0, 0.0, 0.0, 0.0, 0.016129032258064516, 0.0, 0.0, 0.0, 0.0, 0.2865861641807579, 0.0, 0.0, 0.0, 0.0, 0.0, 0.0, 0.0, 0.0, 0.0, 0.0, 0.0, 0.04435483870967742, 0.0, 0.0, 0.0, 0.04444899631298648, 0.0, 0.0, 0.0, 0.0, 0.0, 0.0, 0.10080645161290322, 0.0, 0.0, 0.0, 0.0, 0.0, 0.0, 0.020161290322580645
0.0, 0.008167613636363636, 0.0, 0.0, 0.01448961937716263, 0.033380681818181816, 0.08380681818181818, 0.0, 0.0, 0.0, 0.0, 0.0, 0.0, 1.0, 0.0, 0.0035511363636363635, 0.0, 0.0, 0.0, 0.0, 0.00887784090909091, 0.00390625, 0.0, 0.0, 0.0, 0.0, 0.0, 0.0, 0.0, 0.0, 0.002130681818181818, 0.3700284090909091, 0.06285511363636363, 0.0, 0.0, 0.0, 0.0, 0.0, 0.025923295454545456, 0.0, 0.004261363636363636, 0.024147727272727272, 0.0
0.0, 0.0, 0.0, 0.0, 0.0, 0.0, 0.0, 0.0, 0.0, 0.0, 0.0, 0.0, 0.0, 0.0, 0.72927597190963, 0.0, 0.0, 0.0022123893805309734, 0.0, 0.09870550161812297, 0.015486725663716814, 0.0, 0.0, 0.008849557522123894, 0.0, 0.0, 0.0, 0.1111111111111111, 0.0, 0.0, 0.0, 0.0, 0.02014892685063513, 0.0, 0.0, 0.0, 0.0, 0.0, 0.0, 0.0, 0.0, 0.047556719022687606, 0.0
0.0, 0.01639344262295082, 0.0, 0.0037474776592678004, 0.005622837370242215, 0.16432584269662923, 0.0, 0.0, 0.0, 0.0, 0.0, 0.0, 0.0, 0.0035511363636363635, 0.0, 0.549817479063775, 0.0, 0.0, 0.0, 0.0, 0.02622950819672131, 0.8506493506493507, 0.0, 0.0, 0.0, 0.0, 0.0, 0.0, 0.0, 0.0, 0.03934426229508197, 0.014377788795240456, 0.0, 0.0, 0.0, 0.0, 0.0, 0.0, 0.010904425914047467, 0.0, 0.0, 0.0, 0.0
0.0, 0.019083969465648856, 0.0, 0.0, 0.0, 0.0, 0.0, 0.0, 0.0, 0.0, 0.0, 0.0, 0.0, 0.0, 0.0, 0.0, 1.0, 0.0, 0.0, 0.0, 0.0, 0.0, 0.0, 0.0, 0.0, 0.010174418604651164, 0.0, 0.0, 0.0, 0.02100840336134454, 0.004201680672268907, 0.0, 0.0, 0.0, 0.0, 0.0, 0.0, 0.0, 0.0, 0.01680672268907563, 0.0, 0.0, 0.0
0.0, 0.0, 0.0, 0.0, 0.0, 0.0, 0.0, 0.0, 0.0, 0.0, 0.0, 0.0, 0.0, 0.0, 0.0022123893805309734, 0.0, 0.0, 1.0, 0.0, 0.0, 0.0, 0.0, 0.0, 0.0, 0.0, 0.0, 0.0, 0.0, 0.0, 0.0, 0.0, 0.0, 0.01357862461673237, 0.0, 0.0, 0.0, 0.0, 0.020422535211267606, 0.0012828736369467607, 0.0, 0.0, 0.006544502617801047, 0.0
0.0, 0.0, 0.0, 0.04064571922744307, 0.0, 0.0, 0.0, 0.0, 0.0, 0.012539184952978056, 0.0, 0.025078369905956112, 0.0, 0.0, 0.0, 0.0, 0.0, 0.0, 0.30158198918483425, 0.0, 0.012539184952978056, 0.006269592476489028, 0.0, 0.0, 0.0, 0.0, 0.0, 0.0, 0.0, 0.0, 0.0, 0.0, 0.0, 0.0, 0.0, 0.0, 0.0, 0.0, 0.005772931366260423, 0.0, 0.0, 0.0, 0.0
0.0, 0.0, 0.0, 0.0, 0.006920415224913495, 0.0, 0.0, 0.0, 0.0, 0.0, 0.0, 0.0, 0.0, 0.0, 0.09870550161812297, 0.0, 0.0, 0.0, 0.0, 1.0, 0.008090614886731391, 0.0, 0.0, 0.011326860841423949, 0.0, 0.0, 0.0, 0.15598290598290598, 0.0, 0.0, 0.0, 0.0, 0.017082785808147174, 0.0, 0.0, 0.0, 0.0, 0.0, 0.0, 0.0, 0.0, 0.010907504363001745, 0.0
0.0, 0.0, 0.0, 0.014413375612568464, 0.0, 0.01544943820224719, 0.016704631738800303, 0.0, 0.0, 0.0, 0.0, 0.03088803088803089, 0.0, 0.00887784090909091, 0.015486725663716814, 0.02622950819672131, 0.0, 0.0, 0.012539184952978056, 0.008090614886731391, 0.6087850384649395, 0.022727272727272728, 0.0, 0.04247104247104247, 0.0, 0.0, 0.0, 0.011752136752136752, 0.0, 0.0, 0.03088803088803089, 0.012394645513138325, 0.008322382829610162, 0.0, 0.0, 0.0, 0.0, 0.01971830985915493, 0.01924310455420141, 0.0, 0.0, 0.012216404886561954, 0.0
0.0, 0.016233766233766232, 0.0, 0.004612280196021909, 0.005622837370242215, 0.16432584269662923, 0.0, 0.0, 0.0, 0.0, 0.0, 0.03571428571428571, 0.0, 0.00390625, 0.0, 0.8506493506493507, 0.0, 0.0, 0.006269592476489028, 0.0, 0.022727272727272728, 1.0, 0.0, 0.0, 0.0, 0.0, 0.0, 0.0, 0.0, 0.0, 0.006493506493506494, 0.013882002974714923, 0.0, 0.0, 0.0, 0.0, 0.0, 0.0, 0.011545862732520847, 0.0, 0.0, 0.0, 0.0
0.0, 0.0, 0.015562055074223277, 0.0, 0.0, 0.0, 0.0, 0.0, 0.025329727939959162, 0.0, 0.0, 0.0, 0.0, 0.0, 0.0, 0.0, 0.0, 0.0, 0.0, 0.0, 0.0, 0.0, 0.5801740278175886, 0.0, 0.0, 0.0, 1.1036918492356934E-4, 0.0, 0.0, 0.0, 0.0, 0.0, 0.0, 0.0, 0.0, 0.0, 0.0, 0.0, 0.0, 0.0, 0.0, 0.0, 0.0
0.0, 0.0, 0.0, 0.0, 4.3252595155709344E-4, 0.0, 0.0, 0.0, 0.0, 0.0, 0.0, 0.0, 0.0, 0.0, 0.008849557522123894, 0.0, 0.0, 0.0, 0.0, 0.011326860841423949, 0.04247104247104247, 0.0, 0.0, 1.0, 0.0, 0.0, 0.0, 0.07478632478632478, 0.0, 0.0, 0.0, 0.0, 0.0, 0.0, 0.0, 0.0, 0.0, 0.0028169014084507044, 0.0, 0.0, 0.0, 0.0, 0.0
0.0, 0.0, 0.0, 0.0, 2.1626297577854672E-4, 0.0, 0.0, 0.09090909090909091, 0.0, 0.0, 0.0, 0.0, 0.04435483870967742, 0.0, 0.0, 0.0, 0.0, 0.0, 0.0, 0.0, 0.0, 0.0, 0.0, 0.0, 1.0, 0.0, 0.0, 0.0, 0.0014338385907414993, 0.0, 0.0, 0.0, 0.0, 0.0, 0.0, 0.1, 0.0, 0.0, 0.0, 0.0, 0.0, 0.0, 0.13636363636363635
0.0, 0.023255813953488372, 0.0, 0.0, 0.0, 0.0, 0.0, 0.0, 0.0, 0.0, 0.0, 0.0, 0.0, 0.0, 0.0, 0.0, 0.010174418604651164, 0.0, 0.0, 0.0, 0.0, 0.0, 0.0, 0.0, 0.0, 0.7089151203380517, 0.0, 0.0, 0.0, 0.08866279069767442, 0.0, 0.0, 0.0, 0.0, 0.0, 0.0, 0.0, 0.0, 0.0, 0.09738372093023256, 0.0, 0.0, 0.0
0.0, 0.0, 0.0, 0.0, 0.0, 0.0, 0.0, 0.0, 0.0, 0.0, 0.0, 0.0, 0.0, 0.0, 0.0, 0.0, 0.0, 0.0, 0.0, 0.0, 0.0, 0.0, 1.1036918492356934E-4, 0.0, 0.0, 0.0, 1.0, 0.0, 0.0, 0.0, 0.0, 0.0, 0.0, 0.0, 0.0, 0.0, 0.0, 0.0, 0.0, 0.0, 0.0, 0.0, 0.0
0.0, 0.0, 0.0, 0.0, 0.006920415224913495, 0.0, 0.0, 0.0, 0.0, 0.0, 0.0, 0.0, 0.0, 0.0, 0.1111111111111111, 0.0, 0.0, 0.0, 0.0, 0.15598290598290598, 0.011752136752136752, 0.0, 0.0, 0.07478632478632478, 0.0, 0.0, 0.0, 0.9930634632964989, 0.0, 0.0, 0.0, 0.0, 0.00788436268068331, 0.0, 0.0, 0.0, 0.0, 0.0, 0.0, 0.0, 0.0, 0.016579406631762654, 0.0
0.0, 0.0, 0.0, 0.0, 0.0, 0.0, 0.0, 0.0012290045063498567, 0.0, 0.0, 0.0, 0.0, 0.04444899631298648, 0.0, 0.0, 0.0, 0.0, 0.0, 0.0, 0.0, 0.0, 0.0, 0.0, 0.0, 0.0014338385907414993, 0.0, 0.0, 0.0, 1.0, 0.0, 0.0, 0.0, 0.0, 0.0, 0.0, 0.005735354362965997, 0.0, 0.0, 0.0, 0.0, 0.0, 0.0, 0.0022531749283080703
0.0, 0.026717557251908396, 0.0, 0.0, 0.0, 0.0, 0.0, 0.0, 0.0, 0.0, 0.0, 0.0, 0.0, 0.0, 0.0, 0.0, 0.02100840336134454, 0.0, 0.0, 0.0, 0.0, 0.0, 0.0, 0.0, 0.0, 0.08866279069767442, 0.0, 0.0, 0.0, 1.0, 0.0, 0.0, 0.0, 0.0, 0.0, 0.0, 0.0, 0.0, 0.0, 0.05673758865248227, 0.0, 0.0, 0.0
0.0, 0.003816793893129771, 0.0, 0.0037474776592678004, 0.0, 0.007022471910112359, 0.004555808656036446, 0.0, 0.0, 0.0, 0.0, 0.0, 0.0, 0.002130681818181818, 0.0, 0.03934426229508197, 0.004201680672268907, 0.0, 0.0, 0.0, 0.03088803088803089, 0.006493506493506494, 0.0, 0.0, 0.0, 0.0, 0.0, 0.0, 0.0, 0.0, 0.5695958948043618, 0.002478929102627665, 0.0, 0.0, 0.0, 0.0, 0.0, 0.0, 0.009621552277100705, 0.0, 0.0, 0.0, 0.0
0.0, 0.006445215666831929, 0.0, 0.002017872585759585, 0.024437716262975778, 0.07635101636093208, 0.026772434308378782, 0.0, 0.0, 0.0, 0.0, 0.0, 0.0, 0.3700284090909091, 0.0, 0.014377788795240456, 0.0, 0.0, 0.0, 0.0, 0.012394645513138325, 0.013882002974714923, 0.0, 0.0, 0.0, 0.0, 0.0, 0.0, 0.0, 0.0, 0.002478929102627665, 1.0, 0.02146298729741568, 0.0, 0.0, 0.0, 0.0, 0.022310361923648984, 0.022806147744174516, 0.0, 0.0039662865642042635, 0.0, 0.0
0.0, 0.0, 0.0, 0.0, 0.013192041522491349, 0.0, 0.02014892685063513, 0.0, 0.0, 0.0, 0.0, 0.003942181340341655, 0.0, 0.06285511363636363, 0.02014892685063513, 0.0, 0.0, 0.01357862461673237, 0.0, 0.017082785808147174, 0.008322382829610162, 0.0, 0.0, 0.0, 0.0, 0.0, 0.0, 0.00788436268068331, 0.0, 0.0, 0.0, 0.02146298729741568, 0.5718363431227494, 0.0, 0.0, 0.0, 0.0, 0.03942181340341656, 0.0337275514673675, 0.0, 0.004818221638195357, 0.1762652705061082, 0.0
0.06857502359232463, 0.0, 0.011467889908256881, 0.0, 0.0, 0.0, 0.0, 0.0, 0.01416579223504722, 0.0, 0.0012319063751154912, 0.0, 0.0, 0.0, 0.0, 0.0, 0.0, 0.0, 0.0, 0.0, 0.0, 0.0, 0.0, 0.0, 0.0, 0.0, 0.0, 0.0, 0.0, 0.0, 0.0, 0.0, 0.0, 1.0, 0.0, 0.0, 0.0, 0.0, 0.0, 0.0, 0.0, 0.0, 0.0
0.0, 0.0, 0.0, 0.0, 0.0, 0.0, 0.0, 0.0, 0.0, 0.0, 0.0, 0.0, 0.0, 0.0, 0.0, 0.0, 0.0, 0.0, 0.0, 0.0, 0.0, 0.0, 0.0, 0.0, 0.0, 0.0, 0.0, 0.0, 0.0, 0.0, 0.0, 0.0, 0.0, 0.0, 0.3934287461915505, 0.0, 0.0, 0.0, 0.0, 0.0, 0.0, 0.0, 0.0
0.0, 0.0, 0.0, 0.0, 0.0, 0.0, 0.0, 0.17142857142857143, 0.0, 0.0, 0.0, 0.0, 0.10080645161290322, 0.0, 0.0, 0.0, 0.0, 0.0, 0.0, 0.0, 0.0, 0.0, 0.0, 0.0, 0.1, 0.0, 0.0, 0.0, 0.005735354362965997, 0.0, 0.0, 0.0, 0.0, 0.0, 0.0, 0.7357702530116321, 0.0, 0.0, 0.0, 0.0, 0.0, 0.0, 0.2
0.0, 0.0, 0.0, 0.0, 0.0, 0.0, 0.0, 0.0, 0.0, 0.0, 0.0, 0.0, 0.0, 0.0, 0.0, 0.0, 0.0, 0.0, 0.0, 0.0, 0.0, 0.0, 0.0, 0.0, 0.0, 0.0, 0.0, 0.0, 0.0, 0.0, 0.0, 0.0, 0.0, 0.0, 0.0, 0.0, 0.14510583940810937, 0.0, 0.0, 0.0, 0.0, 0.0, 0.0
0.0, 0.0, 0.0, 0.002017872585759585, 0.0, 0.025280898876404494, 0.0, 0.0, 0.0, 0.0, 0.0, 0.0014084507042253522, 0.0, 0.0, 0.0, 0.0, 0.0, 0.020422535211267606, 0.0, 0.0, 0.01971830985915493, 0.0, 0.0, 0.0028169014084507044, 0.0, 0.0, 0.0, 0.0, 0.0, 0.0, 0.0, 0.022310361923648984, 0.03942181340341656, 0.0, 0.0, 0.0, 0.0, 1.0, 0.058370750481077614, 0.0, 0.0, 0.1457242582897033, 0.0
0.0, 0.028223220012828735, 0.0, 0.049582012107235514, 0.0, 0.01796023091725465, 0.014753046824887749, 0.0, 0.0, 0.0, 0.0, 0.03848620910840282, 0.0, 0.025923295454545456, 0.0, 0.010904425914047467, 0.0, 0.0012828736369467607, 0.005772931366260423, 0.0, 0.01924310455420141, 0.011545862732520847, 0.0, 0.0, 0.0, 0.0, 0.0, 0.0, 0.0, 0.0, 0.009621552277100705, 0.022806147744174516, 0.0337275514673675, 0.0, 0.0, 0.0, 0.0, 0.058370750481077614, 0.5753219759080678, 0.0, 0.0, 0.034031413612565446, 0.0
0.0, 0.04580152671755725, 0.0, 0.0, 0.0, 0.0, 0.0, 0.0, 0.0, 0.0, 0.0, 0.0, 0.0, 0.0, 0.0, 0.0, 0.01680672268907563, 0.0, 0.0, 0.0, 0.0, 0.0, 0.0, 0.0, 0.0, 0.09738372093023256, 0.0, 0.0, 0.0, 0.05673758865248227, 0.0, 0.0, 0.0, 0.0, 0.0, 0.0, 0.0, 0.0, 0.0, 1.0, 0.0, 0.0, 0.0
0.0, 0.0, 0.0, 0.0, 0.054282006920415224, 0.0, 0.0, 0.0, 0.0, 0.0, 0.026947951955651372, 0.0, 0.0, 0.004261363636363636, 0.0, 0.0, 0.0, 0.0, 0.0, 0.0, 0.0, 0.0, 0.0, 0.0, 0.0, 0.0, 0.0, 0.0, 0.0, 0.0, 0.0, 0.0039662865642042635, 0.004818221638195357, 0.0, 0.0, 0.0, 0.0, 0.0, 0.0, 0.0, 1.0, 0.0, 0.0
0.0, 0.0, 0.0, 0.0, 0.0, 0.0, 0.02137870855148342, 0.0, 0.0, 0.0, 0.0, 4.363001745200698E-4, 0.0, 0.024147727272727272, 0.047556719022687606, 0.0, 0.0, 0.006544502617801047, 0.0, 0.010907504363001745, 0.012216404886561954, 0.0, 0.0, 0.0, 0.0, 0.0, 0.0, 0.016579406631762654, 0.0, 0.0, 0.0, 0.0, 0.1762652705061082, 0.0, 0.0, 0.0, 0.0, 0.1457242582897033, 0.034031413612565446, 0.0, 0.0, 1.0, 0.0
0.0, 0.0, 0.0, 0.0, 0.0, 0.0, 0.0, 0.5454545454545454, 0.0, 0.0, 0.0, 0.0, 0.020161290322580645, 0.0, 0.0, 0.0, 0.0, 0.0, 0.0, 0.0, 0.0, 0.0, 0.0, 0.0, 0.13636363636363635, 0.0, 0.0, 0.0, 0.0022531749283080703, 0.0, 0.0, 0.0, 0.0, 0.0, 0.0, 0.2, 0.0, 0.0, 0.0, 0.0, 0.0, 0.0, 0.5909090909090909
memory: 195.4534 MB
rules: 5000.0
time: 2.361 min
******* TASK: RDFRules: clustering, minSim = 0.8 *******
clusters: 44.0
score: 0.7984635548252044, dunnIndex: 0.16867617304860077, matrix:
1.0, 0.0, 0.0, 0.0, 0.0, 0.0, 0.0, 0.0, 0.0, 0.0, 0.19772097320603635, 0.0, 0.0, 0.0, 0.0, 0.0, 0.0, 0.0, 0.0, 0.0, 0.0, 0.0, 0.0, 0.0, 0.0, 0.0, 0.0, 0.0, 0.0, 0.0, 0.0, 0.0, 0.0, 0.06857502359232463, 0.0, 0.0, 0.0, 0.0, 0.0, 0.0, 0.0, 0.0, 0.0, 0.0
0.0, 1.0, 0.0, 0.0, 0.0, 0.028223220012828735, 0.01442672741078208, 0.0, 0.0, 0.0, 0.0, 0.0, 0.0, 0.014044943820224719, 0.0, 0.01639344262295082, 0.019083969465648856, 0.0, 0.0, 0.0, 0.0, 0.0, 0.0, 0.0, 0.0, 0.023255813953488372, 0.0, 0.008167613636363636, 0.0, 0.016233766233766232, 0.003816793893129771, 0.006445215666831929, 0.0, 0.0, 0.0, 0.0, 0.0, 0.0, 0.0, 0.026717557251908396, 0.04580152671755725, 0.0, 0.0, 0.0
0.0, 0.0, 1.0, 0.0, 0.0, 0.0, 0.0, 0.0, 0.0912906610703043, 0.0, 0.0, 0.0, 0.0, 0.0, 0.0, 0.0, 0.0, 0.0, 0.0, 0.0, 0.0, 0.0, 0.015562055074223277, 0.0, 0.0, 0.0, 0.0, 0.0, 0.0, 0.0, 0.0, 0.0, 0.0, 0.011467889908256881, 0.0, 0.0, 0.0, 0.0, 0.0, 0.0, 0.0, 0.0, 0.0, 0.0
0.0, 0.0, 0.0, 0.30158198918483425, 0.0, 0.005772931366260423, 0.0, 0.0, 0.0, 0.012539184952978056, 0.0, 0.025078369905956112, 0.0, 0.0, 0.0, 0.0, 0.0, 0.0, 0.0, 0.0, 0.012539184952978056, 0.0, 0.0, 0.0, 0.0, 0.0, 0.0, 0.0, 0.0, 0.006269592476489028, 0.0, 0.0, 0.0, 0.0, 0.04064571922744307, 0.0, 0.0, 0.0, 0.0, 0.0, 0.0, 0.0, 0.0, 0.0
0.0, 0.0, 0.0, 0.0, 0.4137207353044478, 0.0, 0.014273356401384083, 0.0, 0.0, 0.0, 0.027717893440098552, 0.0, 0.0, 0.02422145328719723, 0.0, 0.005622837370242215, 0.0, 0.0, 0.0, 0.006920415224913495, 0.0, 0.0, 0.0, 4.3252595155709344E-4, 2.1626297577854672E-4, 0.0, 0.0, 0.01448961937716263, 0.0, 0.005622837370242215, 0.0, 0.024437716262975778, 0.013192041522491349, 0.0, 0.0, 0.006920415224913495, 0.0, 0.0, 0.0, 0.0, 0.0, 0.054282006920415224, 0.0, 0.0
0.0, 0.028223220012828735, 0.0, 0.005772931366260423, 0.0, 0.5753219759080678, 0.014753046824887749, 0.0, 0.0, 0.0, 0.0, 0.03848620910840282, 0.0, 0.01796023091725465, 0.0, 0.010904425914047467, 0.0, 0.0012828736369467607, 0.0, 0.0, 0.01924310455420141, 0.0, 0.0, 0.0, 0.0, 0.0, 0.0, 0.025923295454545456, 0.0, 0.011545862732520847, 0.009621552277100705, 0.022806147744174516, 0.0337275514673675, 0.0, 0.049582012107235514, 0.0, 0.0, 0.0, 0.058370750481077614, 0.0, 0.0, 0.0, 0.034031413612565446, 0.0
0.0, 0.01442672741078208, 0.0, 0.0, 0.014273356401384083, 0.014753046824887749, 1.0, 0.0, 0.0, 0.0, 0.0, 0.0, 0.0, 0.47752808988764045, 0.0, 0.0, 0.0, 0.0, 0.0, 0.0, 0.016704631738800303, 0.0, 0.0, 0.0, 0.0, 0.0, 0.0, 0.08380681818181818, 0.0, 0.0, 0.004555808656036446, 0.026772434308378782, 0.02014892685063513, 0.0, 0.0, 0.0, 0.0, 0.0, 0.0, 0.0, 0.0, 0.0, 0.02137870855148342, 0.0
0.0, 0.0, 0.0, 0.0, 0.0, 0.0, 0.0, 0.5909090909090908, 0.0, 0.0, 0.0, 0.0, 0.016129032258064516, 0.0, 0.0, 0.0, 0.0, 0.0, 0.0, 0.0, 0.0, 0.0, 0.0, 0.0, 0.09090909090909091, 0.0, 0.0, 0.0, 0.0012290045063498567, 0.0, 0.0, 0.0, 0.0, 0.0, 0.0, 0.0, 0.17142857142857143, 0.0, 0.0, 0.0, 0.0, 0.0, 0.0, 0.5454545454545454
0.0, 0.0, 0.0912906610703043, 0.0, 0.0, 0.0, 0.0, 0.0, 1.0, 0.0, 0.0, 0.0, 0.0, 0.0, 0.0, 0.0, 0.0, 0.0, 0.0, 0.0, 0.0, 0.0, 0.025329727939959162, 0.0, 0.0, 0.0, 0.0, 0.0, 0.0, 0.0, 0.0, 0.0, 0.0, 0.01416579223504722, 0.0, 0.0, 0.0, 0.0, 0.0, 0.0, 0.0, 0.0, 0.0, 0.0
0.0, 0.0, 0.0, 0.012539184952978056, 0.0, 0.0, 0.0, 0.0, 0.0, 1.0, 0.0, 0.0, 0.0, 0.0, 0.0, 0.0, 0.0, 0.0, 0.0, 0.0, 0.0, 0.0, 0.0, 0.0, 0.0, 0.0, 0.0, 0.0, 0.0, 0.0, 0.0, 0.0, 0.0, 0.0, 0.0011530700490054772, 0.0, 0.0, 0.0, 0.0, 0.0, 0.0, 0.0, 0.0, 0.0
0.19772097320603635, 0.0, 0.0, 0.0, 0.027717893440098552, 0.0, 0.0, 0.0, 0.0, 0.0, 1.0, 0.0, 0.0, 0.0, 0.0, 0.0, 0.0, 0.0, 0.0, 0.0, 0.0, 0.0, 0.0, 0.0, 0.0, 0.0, 0.0, 0.0, 0.0, 0.0, 0.0, 0.0, 0.0, 0.0012319063751154912, 0.0, 0.0, 0.0, 0.0, 0.0, 0.0, 0.0, 0.026947951955651372, 0.0, 0.0
0.0, 0.0, 0.0, 0.025078369905956112, 0.0, 0.03848620910840282, 0.0, 0.0, 0.0, 0.0, 0.0, 1.0, 0.0, 0.0, 0.0, 0.0, 0.0, 0.0, 0.0, 0.0, 0.03088803088803089, 0.008130081300813009, 0.0, 0.0, 0.0, 0.0, 0.0, 0.0, 0.0, 0.03571428571428571, 0.0, 0.0, 0.003942181340341655, 0.0, 0.010377630441049293, 0.0, 0.0, 0.0, 0.0014084507042253522, 0.0, 0.0, 0.0, 4.363001745200698E-4, 0.0
0.0, 0.0, 0.0, 0.0, 0.0, 0.0, 0.0, 0.016129032258064516, 0.0, 0.0, 0.0, 0.0, 0.2865861641807579, 0.0, 0.0, 0.0, 0.0, 0.0, 0.0, 0.0, 0.0, 0.0, 0.0, 0.0, 0.04435483870967742, 0.0, 0.0, 0.0, 0.04444899631298648, 0.0, 0.0, 0.0, 0.0, 0.0, 0.0, 0.0, 0.10080645161290322, 0.0, 0.0, 0.0, 0.0, 0.0, 0.0, 0.020161290322580645
0.0, 0.014044943820224719, 0.0, 0.0, 0.02422145328719723, 0.01796023091725465, 0.47752808988764045, 0.0, 0.0, 0.0, 0.0, 0.0, 0.0, 1.0, 0.0, 0.16432584269662923, 0.0, 0.0, 0.0, 0.0, 0.01544943820224719, 0.0, 0.0, 0.0, 0.0, 0.0, 0.0, 0.033380681818181816, 0.0, 0.16432584269662923, 0.007022471910112359, 0.07635101636093208, 0.0, 0.0, 0.002017872585759585, 0.0, 0.0, 0.0, 0.025280898876404494, 0.0, 0.0, 0.0, 0.0, 0.0
0.0, 0.0, 0.0, 0.0, 0.0, 0.0, 0.0, 0.0, 0.0, 0.0, 0.0, 0.0, 0.0, 0.0, 0.72927597190963, 0.0, 0.0, 0.0022123893805309734, 0.0, 0.09870550161812297, 0.015486725663716814, 0.0, 0.0, 0.008849557522123894, 0.0, 0.0, 0.0, 0.0, 0.0, 0.0, 0.0, 0.0, 0.02014892685063513, 0.0, 0.0, 0.1111111111111111, 0.0, 0.0, 0.0, 0.0, 0.0, 0.0, 0.047556719022687606, 0.0
0.0, 0.01639344262295082, 0.0, 0.0, 0.005622837370242215, 0.010904425914047467, 0.0, 0.0, 0.0, 0.0, 0.0, 0.0, 0.0, 0.16432584269662923, 0.0, 0.549817479063775, 0.0, 0.0, 0.0, 0.0, 0.02622950819672131, 0.0, 0.0, 0.0, 0.0, 0.0, 0.0, 0.0035511363636363635, 0.0, 0.8506493506493507, 0.03934426229508197, 0.014377788795240456, 0.0, 0.0, 0.0037474776592678004, 0.0, 0.0, 0.0, 0.0, 0.0, 0.0, 0.0, 0.0, 0.0
0.0, 0.019083969465648856, 0.0, 0.0, 0.0, 0.0, 0.0, 0.0, 0.0, 0.0, 0.0, 0.0, 0.0, 0.0, 0.0, 0.0, 1.0, 0.0, 0.0, 0.0, 0.0, 0.0, 0.0, 0.0, 0.0, 0.010174418604651164, 0.0, 0.0, 0.0, 0.0, 0.004201680672268907, 0.0, 0.0, 0.0, 0.0, 0.0, 0.0, 0.0, 0.0, 0.02100840336134454, 0.01680672268907563, 0.0, 0.0, 0.0
0.0, 0.0, 0.0, 0.0, 0.0, 0.0012828736369467607, 0.0, 0.0, 0.0, 0.0, 0.0, 0.0, 0.0, 0.0, 0.0022123893805309734, 0.0, 0.0, 1.0, 0.0, 0.0, 0.0, 0.0, 0.0, 0.0, 0.0, 0.0, 0.0, 0.0, 0.0, 0.0, 0.0, 0.0, 0.01357862461673237, 0.0, 0.0, 0.0, 0.0, 0.0, 0.020422535211267606, 0.0, 0.0, 0.0, 0.006544502617801047, 0.0
0.0, 0.0, 0.0, 0.0, 0.0, 0.0, 0.0, 0.0, 0.0, 0.0, 0.0, 0.0, 0.0, 0.0, 0.0, 0.0, 0.0, 0.0, 0.3934287461915505, 0.0, 0.0, 0.0, 0.0, 0.0, 0.0, 0.0, 0.0, 0.0, 0.0, 0.0, 0.0, 0.0, 0.0, 0.0, 0.0, 0.0, 0.0, 0.0, 0.0, 0.0, 0.0, 0.0, 0.0, 0.0
0.0, 0.0, 0.0, 0.0, 0.006920415224913495, 0.0, 0.0, 0.0, 0.0, 0.0, 0.0, 0.0, 0.0, 0.0, 0.09870550161812297, 0.0, 0.0, 0.0, 0.0, 1.0, 0.008090614886731391, 0.0, 0.0, 0.011326860841423949, 0.0, 0.0, 0.0, 0.0, 0.0, 0.0, 0.0, 0.0, 0.017082785808147174, 0.0, 0.0, 0.15598290598290598, 0.0, 0.0, 0.0, 0.0, 0.0, 0.0, 0.010907504363001745, 0.0
0.0, 0.0, 0.0, 0.012539184952978056, 0.0, 0.01924310455420141, 0.016704631738800303, 0.0, 0.0, 0.0, 0.0, 0.03088803088803089, 0.0, 0.01544943820224719, 0.015486725663716814, 0.02622950819672131, 0.0, 0.0, 0.0, 0.008090614886731391, 0.6087850384649395, 0.0, 0.0, 0.04247104247104247, 0.0, 0.0, 0.0, 0.00887784090909091, 0.0, 0.022727272727272728, 0.03088803088803089, 0.012394645513138325, 0.008322382829610162, 0.0, 0.014413375612568464, 0.011752136752136752, 0.0, 0.0, 0.01971830985915493, 0.0, 0.0, 0.0, 0.012216404886561954, 0.0
0.0, 0.0, 0.0, 0.0, 0.0, 0.0, 0.0, 0.0, 0.0, 0.0, 0.0, 0.008130081300813009, 0.0, 0.0, 0.0, 0.0, 0.0, 0.0, 0.0, 0.0, 0.0, 1.0, 0.0, 0.0, 0.0, 0.0, 0.0, 0.0, 0.0, 0.0, 0.0, 0.0, 0.0, 0.0, 0.010377630441049293, 0.0, 0.0, 0.0, 0.0, 0.0, 0.0, 0.0, 0.0, 0.0
0.0, 0.0, 0.015562055074223277, 0.0, 0.0, 0.0, 0.0, 0.0, 0.025329727939959162, 0.0, 0.0, 0.0, 0.0, 0.0, 0.0, 0.0, 0.0, 0.0, 0.0, 0.0, 0.0, 0.0, 0.5801740278175886, 0.0, 0.0, 0.0, 1.1036918492356934E-4, 0.0, 0.0, 0.0, 0.0, 0.0, 0.0, 0.0, 0.0, 0.0, 0.0, 0.0, 0.0, 0.0, 0.0, 0.0, 0.0, 0.0
0.0, 0.0, 0.0, 0.0, 4.3252595155709344E-4, 0.0, 0.0, 0.0, 0.0, 0.0, 0.0, 0.0, 0.0, 0.0, 0.008849557522123894, 0.0, 0.0, 0.0, 0.0, 0.011326860841423949, 0.04247104247104247, 0.0, 0.0, 1.0, 0.0, 0.0, 0.0, 0.0, 0.0, 0.0, 0.0, 0.0, 0.0, 0.0, 0.0, 0.07478632478632478, 0.0, 0.0, 0.0028169014084507044, 0.0, 0.0, 0.0, 0.0, 0.0
0.0, 0.0, 0.0, 0.0, 2.1626297577854672E-4, 0.0, 0.0, 0.09090909090909091, 0.0, 0.0, 0.0, 0.0, 0.04435483870967742, 0.0, 0.0, 0.0, 0.0, 0.0, 0.0, 0.0, 0.0, 0.0, 0.0, 0.0, 1.0, 0.0, 0.0, 0.0, 0.0014338385907414993, 0.0, 0.0, 0.0, 0.0, 0.0, 0.0, 0.0, 0.1, 0.0, 0.0, 0.0, 0.0, 0.0, 0.0, 0.13636363636363635
0.0, 0.023255813953488372, 0.0, 0.0, 0.0, 0.0, 0.0, 0.0, 0.0, 0.0, 0.0, 0.0, 0.0, 0.0, 0.0, 0.0, 0.010174418604651164, 0.0, 0.0, 0.0, 0.0, 0.0, 0.0, 0.0, 0.0, 0.7089151203380517, 0.0, 0.0, 0.0, 0.0, 0.0, 0.0, 0.0, 0.0, 0.0, 0.0, 0.0, 0.0, 0.0, 0.08866279069767442, 0.09738372093023256, 0.0, 0.0, 0.0
0.0, 0.0, 0.0, 0.0, 0.0, 0.0, 0.0, 0.0, 0.0, 0.0, 0.0, 0.0, 0.0, 0.0, 0.0, 0.0, 0.0, 0.0, 0.0, 0.0, 0.0, 0.0, 1.1036918492356934E-4, 0.0, 0.0, 0.0, 1.0, 0.0, 0.0, 0.0, 0.0, 0.0, 0.0, 0.0, 0.0, 0.0, 0.0, 0.0, 0.0, 0.0, 0.0, 0.0, 0.0, 0.0
0.0, 0.008167613636363636, 0.0, 0.0, 0.01448961937716263, 0.025923295454545456, 0.08380681818181818, 0.0, 0.0, 0.0, 0.0, 0.0, 0.0, 0.033380681818181816, 0.0, 0.0035511363636363635, 0.0, 0.0, 0.0, 0.0, 0.00887784090909091, 0.0, 0.0, 0.0, 0.0, 0.0, 0.0, 1.0, 0.0, 0.00390625, 0.002130681818181818, 0.3700284090909091, 0.06285511363636363, 0.0, 0.0, 0.0, 0.0, 0.0, 0.0, 0.0, 0.0, 0.004261363636363636, 0.024147727272727272, 0.0
0.0, 0.0, 0.0, 0.0, 0.0, 0.0, 0.0, 0.0012290045063498567, 0.0, 0.0, 0.0, 0.0, 0.04444899631298648, 0.0, 0.0, 0.0, 0.0, 0.0, 0.0, 0.0, 0.0, 0.0, 0.0, 0.0, 0.0014338385907414993, 0.0, 0.0, 0.0, 1.0, 0.0, 0.0, 0.0, 0.0, 0.0, 0.0, 0.0, 0.005735354362965997, 0.0, 0.0, 0.0, 0.0, 0.0, 0.0, 0.0022531749283080703
0.0, 0.016233766233766232, 0.0, 0.006269592476489028, 0.005622837370242215, 0.011545862732520847, 0.0, 0.0, 0.0, 0.0, 0.0, 0.03571428571428571, 0.0, 0.16432584269662923, 0.0, 0.8506493506493507, 0.0, 0.0, 0.0, 0.0, 0.022727272727272728, 0.0, 0.0, 0.0, 0.0, 0.0, 0.0, 0.00390625, 0.0, 1.0, 0.006493506493506494, 0.013882002974714923, 0.0, 0.0, 0.004612280196021909, 0.0, 0.0, 0.0, 0.0, 0.0, 0.0, 0.0, 0.0, 0.0
0.0, 0.003816793893129771, 0.0, 0.0, 0.0, 0.009621552277100705, 0.004555808656036446, 0.0, 0.0, 0.0, 0.0, 0.0, 0.0, 0.007022471910112359, 0.0, 0.03934426229508197, 0.004201680672268907, 0.0, 0.0, 0.0, 0.03088803088803089, 0.0, 0.0, 0.0, 0.0, 0.0, 0.0, 0.002130681818181818, 0.0, 0.006493506493506494, 0.5695958948043618, 0.002478929102627665, 0.0, 0.0, 0.0037474776592678004, 0.0, 0.0, 0.0, 0.0, 0.0, 0.0, 0.0, 0.0, 0.0
0.0, 0.006445215666831929, 0.0, 0.0, 0.024437716262975778, 0.022806147744174516, 0.026772434308378782, 0.0, 0.0, 0.0, 0.0, 0.0, 0.0, 0.07635101636093208, 0.0, 0.014377788795240456, 0.0, 0.0, 0.0, 0.0, 0.012394645513138325, 0.0, 0.0, 0.0, 0.0, 0.0, 0.0, 0.3700284090909091, 0.0, 0.013882002974714923, 0.002478929102627665, 1.0, 0.02146298729741568, 0.0, 0.002017872585759585, 0.0, 0.0, 0.0, 0.022310361923648984, 0.0, 0.0, 0.0039662865642042635, 0.0, 0.0
0.0, 0.0, 0.0, 0.0, 0.013192041522491349, 0.0337275514673675, 0.02014892685063513, 0.0, 0.0, 0.0, 0.0, 0.003942181340341655, 0.0, 0.0, 0.02014892685063513, 0.0, 0.0, 0.01357862461673237, 0.0, 0.017082785808147174, 0.008322382829610162, 0.0, 0.0, 0.0, 0.0, 0.0, 0.0, 0.06285511363636363, 0.0, 0.0, 0.0, 0.02146298729741568, 0.5718363431227494, 0.0, 0.0, 0.00788436268068331, 0.0, 0.0, 0.03942181340341656, 0.0, 0.0, 0.004818221638195357, 0.1762652705061082, 0.0
0.06857502359232463, 0.0, 0.011467889908256881, 0.0, 0.0, 0.0, 0.0, 0.0, 0.01416579223504722, 0.0, 0.0012319063751154912, 0.0, 0.0, 0.0, 0.0, 0.0, 0.0, 0.0, 0.0, 0.0, 0.0, 0.0, 0.0, 0.0, 0.0, 0.0, 0.0, 0.0, 0.0, 0.0, 0.0, 0.0, 0.0, 1.0, 0.0, 0.0, 0.0, 0.0, 0.0, 0.0, 0.0, 0.0, 0.0, 0.0
0.0, 0.0, 0.0, 0.04064571922744307, 0.0, 0.049582012107235514, 0.0, 0.0, 0.0, 0.0011530700490054772, 0.0, 0.010377630441049293, 0.0, 0.002017872585759585, 0.0, 0.0037474776592678004, 0.0, 0.0, 0.0, 0.0, 0.014413375612568464, 0.010377630441049293, 0.0, 0.0, 0.0, 0.0, 0.0, 0.0, 0.0, 0.004612280196021909, 0.0037474776592678004, 0.002017872585759585, 0.0, 0.0, 0.11457174625596431, 0.0, 0.0, 0.0, 0.002017872585759585, 0.0, 0.0, 0.0, 0.0, 0.0
0.0, 0.0, 0.0, 0.0, 0.006920415224913495, 0.0, 0.0, 0.0, 0.0, 0.0, 0.0, 0.0, 0.0, 0.0, 0.1111111111111111, 0.0, 0.0, 0.0, 0.0, 0.15598290598290598, 0.011752136752136752, 0.0, 0.0, 0.07478632478632478, 0.0, 0.0, 0.0, 0.0, 0.0, 0.0, 0.0, 0.0, 0.00788436268068331, 0.0, 0.0, 0.9930634632964989, 0.0, 0.0, 0.0, 0.0, 0.0, 0.0, 0.016579406631762654, 0.0
0.0, 0.0, 0.0, 0.0, 0.0, 0.0, 0.0, 0.17142857142857143, 0.0, 0.0, 0.0, 0.0, 0.10080645161290322, 0.0, 0.0, 0.0, 0.0, 0.0, 0.0, 0.0, 0.0, 0.0, 0.0, 0.0, 0.1, 0.0, 0.0, 0.0, 0.005735354362965997, 0.0, 0.0, 0.0, 0.0, 0.0, 0.0, 0.0, 0.7357702530116321, 0.0, 0.0, 0.0, 0.0, 0.0, 0.0, 0.2
0.0, 0.0, 0.0, 0.0, 0.0, 0.0, 0.0, 0.0, 0.0, 0.0, 0.0, 0.0, 0.0, 0.0, 0.0, 0.0, 0.0, 0.0, 0.0, 0.0, 0.0, 0.0, 0.0, 0.0, 0.0, 0.0, 0.0, 0.0, 0.0, 0.0, 0.0, 0.0, 0.0, 0.0, 0.0, 0.0, 0.0, 0.14510583940810937, 0.0, 0.0, 0.0, 0.0, 0.0, 0.0
0.0, 0.0, 0.0, 0.0, 0.0, 0.058370750481077614, 0.0, 0.0, 0.0, 0.0, 0.0, 0.0014084507042253522, 0.0, 0.025280898876404494, 0.0, 0.0, 0.0, 0.020422535211267606, 0.0, 0.0, 0.01971830985915493, 0.0, 0.0, 0.0028169014084507044, 0.0, 0.0, 0.0, 0.0, 0.0, 0.0, 0.0, 0.022310361923648984, 0.03942181340341656, 0.0, 0.002017872585759585, 0.0, 0.0, 0.0, 1.0, 0.0, 0.0, 0.0, 0.1457242582897033, 0.0
0.0, 0.026717557251908396, 0.0, 0.0, 0.0, 0.0, 0.0, 0.0, 0.0, 0.0, 0.0, 0.0, 0.0, 0.0, 0.0, 0.0, 0.02100840336134454, 0.0, 0.0, 0.0, 0.0, 0.0, 0.0, 0.0, 0.0, 0.08866279069767442, 0.0, 0.0, 0.0, 0.0, 0.0, 0.0, 0.0, 0.0, 0.0, 0.0, 0.0, 0.0, 0.0, 1.0, 0.05673758865248227, 0.0, 0.0, 0.0
0.0, 0.04580152671755725, 0.0, 0.0, 0.0, 0.0, 0.0, 0.0, 0.0, 0.0, 0.0, 0.0, 0.0, 0.0, 0.0, 0.0, 0.01680672268907563, 0.0, 0.0, 0.0, 0.0, 0.0, 0.0, 0.0, 0.0, 0.09738372093023256, 0.0, 0.0, 0.0, 0.0, 0.0, 0.0, 0.0, 0.0, 0.0, 0.0, 0.0, 0.0, 0.0, 0.05673758865248227, 1.0, 0.0, 0.0, 0.0
0.0, 0.0, 0.0, 0.0, 0.054282006920415224, 0.0, 0.0, 0.0, 0.0, 0.0, 0.026947951955651372, 0.0, 0.0, 0.0, 0.0, 0.0, 0.0, 0.0, 0.0, 0.0, 0.0, 0.0, 0.0, 0.0, 0.0, 0.0, 0.0, 0.004261363636363636, 0.0, 0.0, 0.0, 0.0039662865642042635, 0.004818221638195357, 0.0, 0.0, 0.0, 0.0, 0.0, 0.0, 0.0, 0.0, 1.0, 0.0, 0.0
0.0, 0.0, 0.0, 0.0, 0.0, 0.034031413612565446, 0.02137870855148342, 0.0, 0.0, 0.0, 0.0, 4.363001745200698E-4, 0.0, 0.0, 0.047556719022687606, 0.0, 0.0, 0.006544502617801047, 0.0, 0.010907504363001745, 0.012216404886561954, 0.0, 0.0, 0.0, 0.0, 0.0, 0.0, 0.024147727272727272, 0.0, 0.0, 0.0, 0.0, 0.1762652705061082, 0.0, 0.0, 0.016579406631762654, 0.0, 0.0, 0.1457242582897033, 0.0, 0.0, 0.0, 1.0, 0.0
0.0, 0.0, 0.0, 0.0, 0.0, 0.0, 0.0, 0.5454545454545454, 0.0, 0.0, 0.0, 0.0, 0.020161290322580645, 0.0, 0.0, 0.0, 0.0, 0.0, 0.0, 0.0, 0.0, 0.0, 0.0, 0.0, 0.13636363636363635, 0.0, 0.0, 0.0, 0.0022531749283080703, 0.0, 0.0, 0.0, 0.0, 0.0, 0.0, 0.0, 0.2, 0.0, 0.0, 0.0, 0.0, 0.0, 0.0, 0.5909090909090909
memory: 194.2406 MB
rules: 5000.0
time: 2.371 min
